2951
34515
190399
187093
190795
187465
190698
187523
186895
184976
187050
187468
185356
188538
186501
184932
186480
186958
187681
185417
188676
186758
186861
184859
185596
189995
186723
185078
187417
188480
185163
188083
185222
185197
185165
185995
186100
187292
189506
186268
185697
190756
188206
187213
189576
189052
185914
188900
190297
190171
189873
188372
187729
190098
186587
190435
190490
189012
188264
187241
189434
189735
189259
188005
189321
186313
116802
131406
178134
36705
2044
24139
36725
35746
36289
1647
34430
34277
35875
1809
1740
35485
31944
36174
1659
2893
6037
4472
2714
4826
4008
6941
3916
2161
11214
2147
26871
444
4311
33548
32325
6680
7384
6705
28744
16850
27170
4079
25455
1489
3081
6437
8157
18141
5186
9748
1404
5854
1063
14453
11249
7273
4676
12959
1028
5593
5326
3856
5704
11039
10744
6121
8056
8695
12186
183643
182575
183789
178983
183834
182828
182757
183050
178908
183865
184022
183925
184672
179652
183227
180184
179032
179752
182879
182064
183203
178500
183098
183468
179917
184786
180437
180000
180257
182648
85185
84075
181904
180791
183392
184612
182972
178285
180933
181069
184350
178338
178767
181982
178187
180991
183605
181174
181344
181524
181725
181785
182265
182286
184158
182445
179060
179455
178643
179222
179559
178858
178619
184523
158000
110156
144493
174804
166429
138151
155878
165368
129043
181294
143609
144107
127917
156043
128454
154128
150198
155576
128921
151110
155028
158730
178027
178686
166860
160969
159401
168393
167864
124517
126893
163283
162842
162257
161534
159949
173558
137304
143177
87675
145848
126378
184571
141316
28511
145360
76320
76453
175814
138830
182001
124206
126369
153981
20073
30905
148658
127515
147816
130720
135637
183540
179598
180380
152403
129586
170849
97755
67785
106658
160419
174631
172777
173163
174559
172399
174451
177777
177631
175213
172835
172896
173415
174201
177462
173214
172597
174643
173806
175346
177115
175060
173652
176730
176236
172977
175802
174062
176111
175503
175582
174763
172082
177576
174332
176942
171964
172033
172562
173628
176006
173297
173970
176545
176844
176410
177348
173342
175946
172325
174939
177160
175721
175139
176304
172185
174273
175661
174019
176980
173092
177959
172461
173480
177272
176660
106384
165987
161210
161076
179425
159826
169915
150947
157416
154089
179158
159936
165356
151402
152777
153001
152912
154029
154406
154749
156946
158312
162883
154794
177683
155162
175858
167374
156045
161906
179516
158964
155288
155784
159593
175011
170781
172133
156430
145888
158738
163232
162387
158059
166609
165580
167999
178107
169517
164577
165332
165020
164559
165758
163899
163738
164046
164169
165702
164218
163816
165053
164690
164480
164417
164519
164327
163926
163673
163015
163626
164098
160797
165508
164894
164718
163753
165410
162148
163051
160647
160911
161345
162725
161015
161163
163473
160609
160064
160303
160427
164534
160519
159752
163322
161072
159899
159527
162005
161886
162434
162329
163075
161549
165228
162517
160122
162663
162797
165138
161752
161490
165639
163377
105506
106621
171783
171017
166063
170172
169842
169476
166298
166894
166044
171667
171036
170657
167294
170784
170229
171734
170320
170414
170064
167386
167052
168982
170525
165912
169580
169236
168864
165938
167458
167863
166172
166184
167612
168704
171172
166966
169754
167151
169545
170874
169844
169011
167756
170925
169569
169342
166822
169944
168247
170619
166710
166933
171444
168148
168551
171296
171859
168449
171280
166566
168301
168011
167678
103640
109733
99689
153248
148084
146422
148771
149498
148825
146748
150471
147178
148947
150355
149049
146636
149134
147093
146868
147206
146833
147657
147447
147308
151824
146925
147472
151887
147884
146664
148562
149195
149884
151142
150597
149202
149681
151176
147380
147033
148031
148171
148801
150844
151692
151024
149441
150537
151724
150222
148609
151367
146442
148164
147673
149816
147567
151088
148443
150008
149987
151433
151541
150677
146509
149568
149473
147900
107896
109848
148208
152500
152496
152556
153018
152249
157026
154169
155820
155663
155645
154111
153714
158617
156567
152528
156921
157387
156392
159005
157821
154103
158249
153515
157142
154575
154743
158596
157929
157346
157055
156877
157704
154938
156874
155624
155015
155254
156201
155417
158182
152307
158087
155936
158431
158342
156661
152170
159118
157123
152406
159210
159327
159381
151957
153871
153386
152838
153718
152582
153779
153593
155683
156127
153210
137264
113653
130207
145166
139643
146052
140880
145970
141120
143382
146152
146241
140062
141102
139808
141278
140197
141391
141531
140797
139863
144920
142034
143475
139950
139710
141653
141704
143521
144908
145379
143267
139594
145925
141973
142225
140109
142548
140483
144499
143400
142814
140058
142771
145471
140490
142921
143782
141053
146157
145608
145049
145818
142648
145639
144681
144649
143072
145238
145102
144202
140046
143192
144354
139904
115598
130094
137825
100335
43665
131566
131029
139444
134431
127332
132469
133105
129418
137485
138616
150543
144434
125730
137759
136095
145556
128474
126896
133347
129936
127106
127797
134903
125602
136997
126077
150634
136511
126461
125441
138195
133575
134814
137863
128772
128913
138023
128217
127728
126137
138699
141638
141269
142888
143773
145726
148115
149557
23012
11694
1171
15022
135518
195168
182655
110287
181219
102357
80325
159781
142787
48323
136121
70588
83829
40413
173749
55225
119163
196349
130848
48619
189312
80787
115009
161275
173726
46936
127395
121916
172817
159183
49423
1802
83136
21946
87111
22153
69188
123045
28537
168517
122049
114597
146732
145485
71575
104990
138228
37312
189223
43450
193986
14207
41562
189311
83849
21533
50545
196228
21640
183578
182130
181640
115630
89515
42897
59721
151226
34374
123861
161420
149371
66112
109877
43353
21559
104601
49823
184187
141988
136938
44872
21571
97117
57047
99426
1761
129071
118803
122738
119150
58128
171901
77044
177138
116877
85733
61560
132679
60569
136357
180355
20919
135244
137234
135266
135222
132915
136609
136652
139411
135884
132831
133118
134345
137316
138850
134357
133254
133311
137114
138491
135700
139480
138639
138771
138682
139158
134406
135833
138973
135567
133452
139057
137451
133963
137539
136404
139310
136269
137808
134270
133661
134964
136044
136021
133524
135412
138070
133776
138306
137535
136912
135072
136220
134019
132953
139254
136439
136778
135595
134183
133966
133730
139023
136863
109018
109311
129119
132257
196361
195219
193603
33246
194806
190295
188975
191306
188049
188408
107857
108983
123034
43537
114042
70517
70407
59759
59253
102995
102223
106476
105902
104832
101647
109115
80123
158504
156466
156697
70182
61526
95058
69196
72980
77665
92500
99186
88593
58522
116066
101417
51278
171595
177263
134747
150130
175953
88270
118598
112361
99600
185564
99649
22807
132299
132217
132458
131597
132144
131664
132526
131735
132521
131928
130813
128639
130502
127473
129865
129567
128940
129459
128686
126840
127798
125778
132654
132516
125627
127339
129677
126750
130316
130608
125239
130281
129828
128845
127387
124989
127881
128155
128495
126368
129269
130917
128016
129324
132064
127023
131327
125943
126629
125805
130558
130706
127611
131819
128381
126157
128098
127206
124147
103593
100838
124734
105083
126495
125420
101959
58242
117363
117307
117467
117604
117530
121843
123335
117773
122960
119837
117801
121438
117775
120749
120507
118080
118231
120544
118458
118530
123167
118616
118739
118901
124259
119409
121260
122924
119253
120421
119178
123039
123445
122493
123749
121464
119052
119342
119568
122605
123591
120085
124601
121951
124328
124566
119692
119890
121169
120224
120156
120850
120964
122209
123884
102290
104374
40423
121680
120970
108527
104961
122303
122370
122512
120991
124951
52184
121331
124218
53513
59862
120593
120184
120706
123578
125113
56330
119088
119432
48104
120425
58851
56493
54329
58936
121608
59616
121177
60497
56920
47566
119961
47528
49315
52808
121773
33929
55655
62178
123741
118886
55305
122055
125083
123427
118621
53183
124773
62249
124058
124870
34272
54092
122321
119582
124550
123944
51492
50291
95479
33362
49840
105294
33565
91311
117211
113251
117180
111085
110888
112114
111239
115762
113186
112741
114741
111317
111475
111537
116571
113302
111631
115186
110695
111946
113289
111822
116649
113992
114289
115873
111978
112379
113752
112655
103168
116286
114639
461
110521
110859
115067
114819
113933
111033
115205
115428
115329
112461
116992
113049
115478
117053
115667
114002
116405
113427
116525
111689
110583
112525
106669
114093
116737
89175
112858
107099
108546
116855
101139
90508
111611
95555
81958
100873
103220
108805
110400
114123
103171
114647
113522
92420
118017
93137
14999
109999
1216
81
81399
95640
116108
116109
95576
95625
102120
13604
13695
373
95412
108821
114970
9484
114094
107723
93622
83037
111344
95589
13479
102018
81473
82141
2389
100439
110937
81376
62478
105742
99303
100713
100493
100616
97944
98024
102360
97425
97818
102482
103234
101250
102957
98742
100940
98529
100299
98308
99959
97433
102776
98470
103111
98682
103757
103519
99109
98199
102215
101711
98355
102283
98567
98718
102846
99314
98086
103058
98807
103346
99098
102553
101488
101012
100796
103426
100388
102074
97493
101567
101431
100143
38430
94398
94768
88547
42098
96560
94907
46517
47876
96874
93276
41975
47929
95302
96180
107529
105394
105768
105825
104932
104647
104861
109472
104578
107197
107427
104174
109816
103861
109684
104320
106072
106834
107752
103919
110246
107941
110104
108795
108422
105670
108237
105251
106542
104080
107335
108903
109604
105792
110401
106303
107811
106113
108155
95759
95368
40193
109183
100557
108074
109227
107035
103290
88991
105537
107132
97244
102143
86444
104797
100028
108728
98904
106768
105275
97749
43917
39097
99555
99860
37789
89830
114595
99157
3005
3470
20668
2382
7542
101680
102915
110314
25304
62683
25573
114600
63452
102115
92223
72287
62812
71912
83048
78594
117736
13415
75948
95260
75282
81516
28857
80342
78029
71373
64550
31154
109324
82501
80225
23516
22783
24214
26326
64604
67745
65079
81113
10785
77529
85871
64770
24887
84222
69941
78647
65629
79694
26528
27000
73505
83369
84638
30190
13723
102117
27385
90489
89991
89747
89855
92235
89924
96904
92246
85353
96988
96004
93885
92164
90850
92630
96245
91123
91605
47171
90298
91028
91173
39897
91453
95922
86582
91324
39284
45511
44583
94226
46544
97020
45284
94817
90391
88782
40468
94009
93665
92907
92938
45428
94582
91756
93129
91559
91911
90715
97440
97350
93249
93326
91701
91927
92061
93752
92559
93577
88102
92166
94615
46165
38115
46683
94068
94290
86719
135711
78399
82306
645
16789
1395
80905
84011
2025
18400
301
18855
20389
84361
10958
80611
42088
10129
2202
84965
168490
82548
84133
42074
21418
80679
85359
16224
18877
2272
15835
20694
81523
80204
10041
80387
3400
82736
83755
16994
85477
21808
82024
18935
81633
82947
82400
82286
81384
16822
10606
83914
86021
84086
180515
85705
86431
17608
17127
16060
16507
5859
10664
80827
17310
16574
16970
16025
80287
87540
89657
87616
87029
87215
87880
87671
87961
86923
87105
87298
86877
87563
87365
89511
37423
89302
87733
89040
45640
89595
42194
42250
39584
42380
42409
43067
38453
40665
40910
43281
41447
88859
42230
88745
42803
39778
46081
40750
88043
46039
46867
47449
43477
45602
47668
47331
88413
86781
40197
45016
45799
45975
87413
46338
38570
47601
86812
46830
88569
87809
39362
88614
89454
45114
86625
67637
191554
180421
99334
187674
99349
48725
113879
112979
48423
48802
185823
110927
115014
67461
142312
171113
104717
170826
174364
195414
105229
104752
104996
1371
16235
168766
193322
196107
104385
108271
173957
137691
91190
173979
185727
128968
128965
93305
101854
47241
94407
100059
167793
180349
142413
107095
160239
20063
18475
188929
122750
30388
99042
177326
52494
173830
161132
20811
183044
100278
96089
170299
110294
147786
192155
80061
185777
185819
193328
147783
142297
110062
160957
171163
82242
48408
28025
38605
97274
142026
98519
48083
100486
72134
94477
55479
81662
28408
111377
110826
81345
54064
54975
82591
73594
121030
120386
121450
19859
45142
45462
123892
29445
110312
85139
51768
18996
67953
76052
75058
112910
118253
86118
85320
86325
48994
125990
125327
15034
47113
46881
46186
92740
45183
10159
71760
90926
5988
125248
89148
88164
92413
119312
89127
90091
90615
90868
93719
114397
116440
114060
117585
93032
90418
84924
9674
179472
74251
72249
74118
70967
74026
71041
72302
70612
72813
74333
68834
71837
68899
69333
72086
73931
71644
72575
72477
70701
73041
73669
74216
73515
69804
73365
69892
71123
69637
73132
70018
72828
70354
65973
70161
71214
71360
69224
70914
71415
71775
71544
71981
72694
73839
73263
74519
74633
158749
168289
128135
120883
63947
120782
86628
61139
79957
79806
79372
79871
78139
78316
78288
76987
78109
79312
79157
75395
74929
75579
76920
79671
77906
79567
76681
79419
78991
80152
75040
77205
77412
76260
75693
77626
75769
76447
75221
77070
78452
79124
75949
75314
78805
75806
76180
76783
77975
78689
78836
71769
52247
75877
22089
69045
6791
76345
5926
30080
6508
118121
61896
196114
195627
195341
194173
193372
180677
192260
191289
190333
189903
184331
189657
188917
188560
187920
185635
184466
184373
183507
182165
181674
181643
181472
181259
181101
180860
180121
179833
166542
16442
3331
16582
17925
16946
72859
11137
18715
50607
48081
64531
3340
49366
18749
126997
154203
28197
66840
68924
30465
32507
68447
84553
74473
129142
162769
81096
134926
83250
137955
138019
142154
156382
85643
67155
90199
92572
94808
106618
99927
11215
117899
56107
121768
121976
67585
59072
49307
52205
78755
20487
149594
2473
128336
104075
74772
104547
20698
65918
90122
108579
110197
137918
69021
63676
63185
63637
63613
62042
61805
61177
61281
61378
64017
64065
63407
64183
64369
64395
64745
61572
63604
61518
68383
67985
65340
62262
65056
65469
67860
61926
62937
64839
65487
65826
62106
62454
65888
68232
66008
68540
66428
66787
67208
68122
62567
66048
67656
66541
66938
66995
67333
67693
62463
62915
61450
63443
55273
54714
55019
54815
54414
54002
53841
53839
54906
54752
54467
54915
49058
52024
50161
50281
52684
50005
49918
52743
52818
52872
53030
50062
53099
49142
53238
52416
53320
54273
48275
52373
53546
49410
53764
54494
50792
54133
52081
51689
49187
51458
53902
48161
49509
48844
49772
48015
48528
54651
52147
51347
52302
48828
49397
49010
51785
51544
51874
47635
51596
51890
53246
49747
56806
56739
58808
60712
60722
57598
57795
60764
55525
60338
57869
59464
57981
60667
61091
60658
55850
55706
56628
58769
58153
58313
57539
57633
56410
60355
59094
58449
58421
57175
59145
58837
59443
56184
57210
55165
56166
57278
59640
57406
55981
60560
56352
56881
56482
60147
60238
58724
59528
60257
55300
55574
58043
59729
60012
55627
55991
58872
59948
56960
196495
34865
36593
42905
36058
46308
43183
40550
35677
36214
39696
37330
36719
35985
37101
35341
36877
673
776
40606
833
41405
38087
893
44520
40165
41682
37370
43985
36972
37085
44484
41579
42548
36426
35941
46077
38217
38317
44392
37567
44100
39146
45616
40011
43429
34811
41768
40042
41497
39847
35605
41164
43829
133493
43253
35065
41860
44300
38386
44055
35090
43094
41628
34579
36569
34677
36486
196447
196271
196153
195967
195915
195841
195704
195642
195556
195382
195255
195271
195094
195041
194913
194897
194800
194702
194538
194530
194376
194269
194089
194034
184913
193834
193524
193638
193620
193407
193316
193229
193122
193073
192975
192895
192775
191920
192687
192605
192511
192424
192288
192178
192166
192045
191949
191934
191783
191708
191587
191397
191318
191056
191202
190957
191052
190965
171530
140577
112337
182609
91538
187844
188803
144832
146335
179277
84326
135165
142568
175163
121635
93337
190883
22978
80625
22296
27036
82292
82840
107914
84302
85469
97796
122111
113797
124428
134633
116972
171485
125679
141293
145346
92347
155459
159193
22878
24924
185289
33039
190247
85250
23255
34707
34882
35353
36112
36880
37217
30443
27563
30713
29484
30194
30917
31156
28379
33852
31092
29869
30061
33365
29440
31292
27445
27935
28032
28686
27751
28122
27776
28590
28326
28497
28917
29018
30865
29581
29825
29344
34012
32857
30294
29935
30612
33311
31964
24047
31558
32488
31820
32269
32504
32075
32744
33142
33573
33747
34251
25016
10918
12586
44927
43614
42842
41264
56554
40840
41079
41124
79009
83401
83873
39336
39479
40333
46526
42607
39003
35555
39640
38624
35315
35244
45770
69799
37942
37836
34904
37496
44215
37672
42168
43742
78424
44742
44669
44744
64592
31367
63865
39085
78797
76742
53160
74703
74350
65406
74990
64868
65282
66770
67274
69643
83151
69320
66231
69070
62735
63584
68712
68640
66435
84721
68166
56566
31590
76511
196384
66037
66574
68725
2191
72688
29352
67226
28607
67392
63753
3483
70482
68839
69412
85839
84838
22652
76636
20167
73964
30007
83021
86135
90094
88435
20928
73251
86542
73853
76368
73823
83614
77635
85120
83216
31278
85581
31657
32185
32235
32696
32996
22253
18839
19553
191524
61481
16057
19396
21932
97538
18357
84903
108521
96078
141903
174505
131146
111395
97649
64457
185127
189799
77318
122463
143994
45846
122944
167824
182156
92858
95746
144085
182454
182379
50556
21344
12927
14187
110625
98159
168951
111553
193023
186181
65883
61684
94959
7303
195868
106840
122966
38591
97579
133843
17475
96074
16987
96733
169129
21364
96311
157367
131191
104410
71627
57989
94206
191812
96331
21359
96589
96132
59024
188719
176088
50877
96842
95727
131261
49701
64500
96518
95783
47035
49700
184939
21257
8211
101782
94423
100686
74405
123111
74528
182421
68106
71873
30988
83529
39312
131772
16104
106344
98694
7673
83522
63851
61732
83546
10966
135421
82211
80584
17775
82795
16649
17412
84483
17817
20471
83909
20122
18944
8924
2792
17974
80589
6844
18119
20742
82429
20005
21590
3056
19650
85828
4818
3388
3515
83632
9865
3799
6598
7393
7625
8617
21775
20827
22050
84586
2664
6663
4206
4312
83368
18280
25017
12431
10909
24580
25269
12063
11900
25027
14752
15489
14623
24708
14927
15053
12600
23032
14501
12737
12762
12978
24854
25209
25741
25868
12994
13225
26034
26272
26067
26209
13438
24434
13808
26414
13876
26522
26769
11476
14216
14357
14535
14967
23893
11749
15256
15392
12839
26654
26936
27055
15688
11614
27160
23157
23300
24948
27378
27229
23501
24741
23562
23706
11117
11731
23825
23937
74503
19913
3294
4521
6963
4746
21044
18585
9592
15934
19345
19007
18667
19407
19479
7156
19782
20297
5923
21000
4924
5021
9760
5298
9359
21158
5627
5884
6165
6345
7036
230
569
22407
22312
8006
22660
189
8432
8207
9120
8626
2551
16882
18255
3051
20524
2267
22917
25817
8188
3775
8679
9184
12057
10428
4425
4905
23080
5456
27137
17730
74555
31240
32964
34377
12809
49563
53669
67648
7878
58279
63458
63775
75279
9306
68813
77920
71720
79171
30590
6348
55797
5322
6171
11152
27744
4247
7490
9009
24149
24105
8389
77026
47685
12428
28594
395
33985
23477
63606
75454
70170
10188
47487
27745
15497
51186
21084
3339
47459
22579
28104
8334
9446
50469
23419
51257
50419
15709
11167
10175
22172
33384
17325
30122
60982
12064
9729
23331
2228
10248
58607
280
50779
13283
9003
9052
10310
25888
3337
33
29139
30532
33147
24093
56297
398
48950
8142
3607
20574
571
7907
25692
22510
14942
12121
10232