267
15593
5964
6775
7266
7368
14935
8280
9002
9974
8953
8547
9612
9691
10040
10142
9917
10751
10165
10351
11123
10423
11063
10931
12106
11108
11016
11044
11494
11490
12525
11944
11427
12851
11857
12944
12132
13386
13727
12810
12575
13234
13481
13495
12768
13900
13445
14367
14016
13158
13597
13753
14247
13877
14685
14603
14821
16374
14971
14429
14896
15170
15403
16086
15219
16047
16998
15439
16348
15817
13838
15068
15567
5692
12435
10532
8616
5180
13085
8563
8024
13422
11069
10679
9856
7968
7749
7564
5534
13996
13366
11732
5628
8877
5693
8123
7117
11662
9729
8236
6963
13684
12388
11633
7092
6796
6162
11979
10336
9777
6230
8727
9839
11233
7403
5829
8091
9011
10657
10481
9584
8782
7897
7643
5813
9163
9714
8473
7498
6613
5546
7775
7307
6941
6380
5543
6334
5875
5841
5347
20550
333
1078
1571
1573
60
445
842
669
159
287
1985
879
2906
898
775
931
1159
1330
1056
1369
967
1469
1961
2061
1707
2438
2466
2205
2597
2669
2987
2487
3075
2550
2362
2792
2482
3165
2449
3041
3651
3460
3276
3194
3368
3829
3486
3674
4092
3790
3755
3800
4871
3872
3700
4192
3938
4345
4280
4890
4247
4775
4904
5252
5036
5389
5132
20927
20314
20584
21029
20099
20953
19904
19888
19291
20291
19811
19595
20684
18948
19466
15529
16396
16233
15520
16523
16433
16758
16288
16308
16513
16888
17128
17235
17347
16896
17497
17581
18571
19486
17657
17267
18337
17308
19115
18026
18134
18020
17625
18261
19046
18168
18931
20349
18500
18465
18451
19272
19634
19963
18618
18729
19059
19399
20176
20211