0 4358 5924 2322 1158 1045 537 0 5 1 7 5 4 3 8 7
1 2155 73 830 928 3280 33 6 1 7 6 4 2 0 0 3
2 1506 2035 3065 5019 3920 2102 1 1 8 4 1 0 0 3 4
3 4206 5277 5516 2110 4159 5051 5 5 5 1 5 4 3 0 5
4 5826 5463 5510 5915 5350 5008 7 7 4 2 7 6 8 8 4
5 3362 5916 5827 5162 4744 4526 1 4 2 7 1 7 7 8 8
6 5776 5645 5915 5211 5547 5077 5 3 2 2 7 0 3 0 6
7 5969 2010 5404 5828 4964 5737 0 0 8 2 2 5 6 7 6
8 1045 3460 4533 2322 1158 4404 4 1 6 4 4 8 6 0 5
9 4345 3643 3690 5021 1415 4488 3 6 5 5 3 1 2 3 7
10 5853 2709 5982 4853 1615 2781 4 8 6 3 1 5 4 0 6
11 4513 3752 689 1041 1155 2514 4 1 8 1 8 6 2 3 0
12 2909 164 5558 5061 4484 2711 8 6 1 7 7 5 1 1 7
13 2593 2461 1055 931 3533 1054 4 1 4 6 3 2 5 6 6
14 4683 6068 1915 4684 5804 1867 6 4 1 3 7 0 4 5 3
15 3534 3533 1170 156 2593 2461 0 8 8 4 3 4 3 7 2
16 4748 3485 5076 5166 292 108 4 2 8 2 6 5 1 6 7
17 708 894 481 3542 3764 5110 3 4 8 0 8 5 0 4 1
18 4929 3893 4903 1911 2161 1596 7 5 5 1 7 1 0 6 2
19 2990 598 2989 2935 3483 2988 8 2 3 1 6 7 6 5 6
20 3202 5960 3369 3425 5822 1510 2 1 0 0 7 7 1 1 4
21 1472 2716 6080 2717 2064 2254 0 1 4 6 6 4 0 3 1
22 6080 2717 2265 2716 4905 568 6 2 3 2 5 4 5 1 4
23 5984 5945 6081 5571 5423 5664 8 6 8 1 3 1 8 4 8
24 5754 5713 5375 5621 5891 5044 0 5 0 3 8 0 8 2 2
25 5891 5621 5713 5754 5375 5044 6 3 1 5 5 4 4 5 5
26 5846 5794 5946 5848 5480 5947 7 7 5 6 5 3 1 6 4
27 6036 5948 5795 5716 3776 5573 8 2 1 5 6 5 3 4 0
28 4382 2484 5249 1368 2284 1295 6 5 5 6 7 1 5 7 8
29 5758 5989 5627 5429 5380 5305 5 6 0 6 8 2 5 2 1
30 5759 5719 5261 6088 4946 4396 0 7 7 6 1 2 0 0 5
31 146 2296 3323 225 1382 59 7 4 4 3 2 4 4 1 2
32 5778 406 5319 4248 5268 4718 6 2 7 8 7 6 2 8 1
33 5436 6042 947 5386 5800 507 0 7 4 5 8 0 7 5 2
34 3205 3658 546 2550 4389 5943 0 4 2 2 8 4 5 1 4
35 5926 1296 2162 2329 3264 171 3 4 7 4 3 6 4 5 3
36 5013 3766 4633 6078 5925 892 0 6 0 5 7 4 6 4 3
37 5640 5639 6047 6004 5065 2810 7 4 3 8 5 1 3 1 6
38 5811 5767 5591 5770 5454 6003 8 5 0 2 0 5 1 7 7
39 5770 5767 5768 5591 5454 5811 5 6 7 0 1 6 5 1 0
40 5768 6099 5770 5769 5453 5767 1 5 3 2 3 5 7 7 4
41 5812 5497 1424 547 6099 5203 5 7 8 1 5 3 2 1 7
42 5729 5274 6100 5771 5637 4830 0 3 5 2 4 2 2 0 7
43 6052 5732 6007 5346 5396 5680 1 2 7 8 7 6 5 3 7
44 5569 5622 2602 5997 1019 1018 2 7 2 2 4 8 0 0 4
45 5682 6054 5593 5817 5281 1780 3 0 2 8 2 1 1 8 0
46 3239 3731 99 5790 2636 2658 0 0 3 8 3 3 8 7 4
47 2210 6039 5740 5410 5406 2996 7 6 3 2 0 4 8 3 2
48 5915 5776 5350 5826 5211 5463 5 2 6 8 3 8 0 8 5
49 5734 5736 5212 5351 5012 5967 7 5 1 2 3 0 3 0 5
50 6015 5512 5968 5736 5240 5828 7 0 7 5 6 7 4 6 1
51 5831 2172 4869 5829 5830 5554 6 6 6 0 7 5 6 0 4
52 4884 2840 2748 2698 267 1982 8 0 2 1 8 5 2 8 3
53 3961 5324 5215 3670 4483 4677 6 1 1 2 4 8 0 8 3
54 5925 4189 2073 578 892 4633 0 7 1 8 6 7 1 4 0
55 1953 3820 509 29 1050 2370 6 1 3 2 8 0 2 1 2
56 4345 3643 5021 3690 1415 4488 1 5 7 8 1 7 5 5 8
57 1014 5807 3874 4294 3104 5781 4 8 5 1 5 5 3 8 4
58 6065 5745 5467 2426 5024 5082 5 4 2 3 3 0 7 1 0
59 653 5588 5058 4059 2219 4375 3 5 0 1 1 5 4 5 6
60 6033 5040 5131 5886 5300 4851 3 6 3 7 5 1 8 7 3
61 3472 3045 1108 5567 4084 5888 8 1 8 5 3 5 6 0 2
62 1213 627 1230 914 2497 2944 2 3 8 6 6 8 3 3 8
63 816 1930 639 4363 3564 4432 2 3 5 3 6 6 6 6 1
64 5753 6081 5664 5984 5571 5945 1 2 6 8 3 4 0 8 1
65 6101 710 5945 5424 5374 5423 4 5 3 6 0 0 0 0 3
66 5793 5425 5572 5890 6082 4938 2 6 1 3 0 6 6 1 6
67 3877 436 5832 1273 2208 2242 5 5 4 0 4 0 8 4 8
68 5756 5796 1388 2095 1065 2053 6 4 6 6 3 3 0 7 1
69 6086 5987 5528 5986 5626 5427 0 2 7 1 2 4 0 3 4
70 6087 5757 5428 5139 5988 5666 5 6 3 3 7 8 5 8 0
71 5852 5482 5989 5627 5229 5260 5 7 3 2 2 0 5 3 0
72 5758 5429 5380 5989 5627 6037 0 4 7 8 3 6 5 7 7
73 5990 5949 4785 5529 5895 5180 5 5 0 7 4 5 5 5 7
74 5762 1971 3388 4656 2440 1511 6 3 0 2 3 2 6 3 7
75 3810 3289 5169 744 829 953 1 6 5 8 1 4 8 7 8
76 6097 662 1100 1948 4794 3433 1 8 7 8 7 8 5 1 5
77 5669 5579 5432 5142 5431 5102 2 2 6 7 1 6 4 0 7
78 6041 5233 5994 5183 5580 5486 7 1 2 5 4 6 1 6 8
79 5582 5434 5801 5725 5800 4678 0 5 6 1 0 2 6 7 5
80 5725 5954 5582 5106 5105 5434 3 7 2 5 2 1 8 2 0
81 5582 5725 5434 5801 