597
39365
15929
39931
39804
39743
39597
39413
39206
36202
38550
38457
38306
39947
38008
35532
36917
36507
35677
35891
36143
37423
34783
36764
36319
37279
37633
37806
31038
30918
33888
30792
31184
31952
32068
32248
33056
32629
33370
33707
34135
39946
35058
35122
35352
9012
32592
25178
8645
17451
4577
17793
2276
39474
16438
19178
2730
22436
18754
24951
2916
24965
3479
22978
3375
24047
24693
4190
3885
24785
26015
36315
20481
34546
25551
34495
3143
7481
16116
18234
25990
4394
15028
17724
19743
38935
11289
21360
33494
37853
21429
13326
14235
2436
13799
16984
14901
13751
38813
34416
21934
15604
18629
18684
21339
1924
1898
7055
1329
2024
12230
1553
6818
11172
24208
1749
12287
1333
906
959
28131
25655
21251
19271
33895
15514
19374
1073
37607
18658
17110
29635
30299
33768
24053
29425
31703
32608
32986
1626
21551
97
19555
16099
14294
17771
26547
22810
27487
35091
37112
39312
15942
11892
23740
31556
26444
34605
17040
15317
11085
614
24
12664
13599
7898
13496
3574
8889
512
12478
29242
13622
29786
3117
3513
7703
24220
30230
25393
8430
31208
12997
31610
22640
31987
7789
32385
32652
33080
23340
22396
33321
2160
14747
24783
28158
33639
34271
12641
20049
9266
24922
20959
26010
26507
26614
27331
27598
18886
28287
20728
10844
35400
21717
20945
19036
21956
18549
18604
266
34583
3874
22091
843
5732
19634
947
3989
7327
4103
4333
6432
2306
3493
4599
4758
4937
18620
5493
5233
5157
5764
6151
3903
6477
6702
2783
7175
8251
8758
9963
10720
10751
11133
11285
11364
14499
2825
2471
25053
940
168
1892
1137
10062
1238
17473
10631
17671
9110
4768
8463
6563
20571
19967
14670
9135
10090
4954
1308
3300
9058
9877
2094
16396
17020
21809
21676
10406
18297
5648
17824
15901
17584
21384
8313
16617
6955
16938
17983
16071
20823
17126
18634
22273
16319
16198
21219
5935
17268
16790
18021
18456
18725
20445
18868
18986
19149
22201
7564
20102
6393
19206
6833
19462
19433
4544
25843
25586
25325
26252
23177
26433
26626
23381
26772
28105
29847
30171
27015
23703
27187
27270
23601
24580
23966
30507
30552
27451
27621
28697
27736
29908
28306
27926
19629
28530
28796
19870
7087
20220
29576
29404
29689
30259
20751
20411
20975
21574
22775
7868
23465
23846
23030
24524
7435
24985
33443
4982
9879
26806
31015
27182
27563
27844
28438
28890
28703
5591
29317
29993
6016
30295
6271
7157
30928
7961
16539
35036
23574
10353
31513
34164
32166
32489
32548
33208
33595
8427
36872
9381
8821
33927
34858
35982
35342
33656
37482
37256
24724
2560
34989
22469
36516
35419
34872
29259
33568
32315
32965
29631
31444
24893
27127
31082
24625
27839
26143
28241
21564
34010
23512
22432
25543
34228
24657
22910
22789
24126
22949
21840
4244
18287
8948
11831
11477
11595
11726
14654
11750
15470
14782
11870
14884
15068
14438
12134
12401
12449
12578
12716
12763
12930
13065
13224
13587
13881
13663
14216
14538
14326
14214
15209
15430
15556
15836
15736
11329
10652
7646
17175
5619
6187
2526
6636
37136
7955
8030
8316
8651
4094
9193
22383
240
10456
4473
22973
8003
4748
5484
5091
653
14074
27607
18566
13260
39500
38004
38321
36933
37798
37528
37357
36543
37008
38361
36815
36334
36058
31454
35434
35729
34111
35428
30386
35114
33941
37466
34456
25819
39958
1154
15570
236
9256
16357
16835
3256
11838
18017
17203
18524
14407
28308
30967
19257
3327
8127
3654
12391
16494
23387
11822
11071
3155
9249
14396
23052
11255
16668
13255
8741
24009
18180
13095
10289
327
31602
6566
10302
8808
10832
19078
9606
23711
8720
34075
34878
24368
11629
25346
518
3793
22508
31487
9558
336