273
15802
20553
20767
20716
20737
20652
20791
19915
20958
20205
19995
20997
19227
20515
19637
19379
19252
19392
17645
19703
17680
16234
15198
16173
19493
19507
15511
14698
15921
14776
17834
19633
18105
17399
15164
13527
13386
18968
14352
19659
18335
12779
19785
18315
18650
11904
15652
15326
20254
19307
17316
20817
17066
18299
10343
13467
17525
11802
11134
16482
18407
16507
17605
18507
19147
16151
15051
14169
13348
14160
13945
12876
5692
10900
8389
5174
8204
7595
13261
13420
6120
11068
10664
9586
8227
7569
7409
15412
5380
9196
8132
6980
5644
11698
12636
9337
11882
10540
8047
6667
6461
6163
10695
10245
6316
13655
8642
12473
10636
6324
9558
9438
8775
8644
10585
9478
8820
8258
7734
6281
9902
6906
6919
5449
9101
8514
8327
7201
5755
7787
7289
6943
6903
6578
6399
6334
5875
5841
5347
14387
333
1078
303
1573
60
445
842
669
159
287
1905
879
2906
898
772
931
592
1330
1056
1369
967
1469
2068
1991
1707
1658
2466
2205
2119
2669
2987
3003
3075
2550
2571
2359
2482
2744
2449
3041
3651
3460
3137
3471
3368
3840
3719
3674
4092
3790
3622
4220
4792
3872
3700
4854
3980
4738
4675
4125
4773
4284
5058
5026
5365
5401
5132
11343
11266
18616
18428
18026
15914
14869
18487
18054
17785
14436
18150
17705
10632
9544
13433
12543
18371
16964
14558
13445
10879
8992
17649
8970
13035
11590
12304
16888
11781
15528
14668
13498
12305
11047
9362
16538
7827
15491
13629
12791
16874
11036
10739
7443
16825
16470
15459
14687
13018
11373
10503
9615
16366
9636
7355
13695
10889
10227
9322
8613
16254
15006
14323
6017
13060