596
34515
15283
39829
39698
39665
39388
39454
39295
38671
38655
38411
38272
38128
16001
39056
30903
34992
37334
23884
19606
19560
16194
38042
35675
36933
34615
36294
37020
36021
35898
35360
788
901
35588
652
794
35527
35277
35187
37999
37870
36782
34885
37780
34801
35111
35011
37137
36547
37743
37604
36843
37579
36134
33592
36420
36261
36456
36684
2004
37444
37205
35761
36084
1987
34392
34344
35858
1867
1617
35464
31945
36197
1623
2887
6079
4587
2777
4896
4091
7106
3644
2649
15730
5245
25930
1566
4169
29176
32942
6516
8260
6763
29062
16180
25458
5022
25350
1431
3079
6444
8870
14441
5190
24129
1215
3903
1093
20590
11124
7199
4704
10534
959
5690
5259
3833
5725
11060
9146
6142
9837
12209
12172
34759
13956
38744
27958
26293
14657
31103
38198
22153
30620
36859
2174
39118
27324
18550
21333
1115
26373
5910
34612
15604
3484
13073
38304
19387
21555
21941
19025
15189
13122
20046
38936
13983
9674
13948
20360
38791
19758
13870
38719
12273
28935
28501
32389
2970
33011
14603
33947
23766
1800
34594
15972
20644
2273
34829
35593
36120
36893
37189
30440
27540
30692
29505
30168
30942
31146
28405
33906
31067
29902
30152
33461
29415
31221
27505
27906
28073
28775
27717
28134
27845
28646
27121
28486
28823
28980
30743
29545
29757
29152
34027
32875
30267
29992
30625
33208
31965
24085
31559
32417
31838
32241
32511
32039
32646
33019
33595
33670
34258
12481
10778
15713
13703
10976
25242
12028
10870
24527
25321
12517
11906
25100
14803
15491
14653
24635
14921
15175
12580
23032
14496
12645
11990
12953
24810
25283
25559
25484
13025
13109
25989
26347
25554
26169
12667
24455
13713
26396
14091
26558
26775
11511
14177
14271
14552
15038
23911
11754
15204
12366
15597
26645
26853
27054
15706
11602
27159
23192
23399
24953
27311
27180
23509
24735
23608
23634
11389
11721
23759
23927
1155
179
9597
13577
300
13506
11826
11430
13059
3121
11465
3514
7701
25284
25737
9505
14519
29105
31223
24176
22766
24504
26200
18
24902
26612
26988
30119
15086
27477
27645
28225
2135
29453
28624
2453
22712
20213
29832
21606
31330
31705
31912
32238
32711
32993
22582
19468
20738
984
37458
39919
39785
39598
39546
39245
39106
38523
38487
38200
37353
37975
23287
28705
30421
22909
31119
24664
32481
22069
22103
25802
25777
7285
24017
30785
13458
20078
2357
7720
18972
7281
7952
472
3537
8635
285
4244
9232
11588
10347
4401
6592
11673
4903
26511
5475
5316
22569
18545
446
24494
19425
7663
33628
14666
26926
2580
23111
20974
4132
29686
31318
32568
934
2050
1412
16268
10019
1034
16316
16185
1858
15834
20568
10052
17563
16597
16922
10407
17616
17096
16082
16743
5904
10702
17218
16561
15954
16724
17761
18857
1364
17442
17841
20194
18871
2791
17965
6833
18093
20755
20075
20404
21603
2879
19701
4830
2824
3633
21828
9910
3792
20534
6581
7470
8512
20831
22138
7339
21400
16601
6653
4207
4274
19130
8994
18414
18353
21668
19960
33900
33442
33468
33156
33184
23016
11729
8082
15676
16278
3343
12857
17394
17924
226
18533
3476
19137
22843
31658
19534
9564
20698
24836
18205
16658
22534
12440
24826
282
9457
3662
8226
14822
18072
10264
22550
25909
13096
7819
19590
12180
19578
10997
3577
16660
8867
8872
10501
8554
24882
3298
29061
30276
32888
8417
31846
1259
3671
19268
574
9665
22519
13258
13256
253
22496
3221
4598
6977
4698
21058
18198
9667
2246
19259
19071
18758
19363
19619
7109
19735
20246
5986
20914
4975
5001
9708
5398
9311
21231
5552
16340
6254
6396
7108
7827
7815
22361
22229
17032
22729
193
8411
8207
9113
8894
2524
2367
19610
7100